8556
4320
8556
5933
1883
228
8633
1003
8633
74
8060
1003
693
555
219
1027
397
8556
228
129
316
431
2458
9989
129
140
1883
8060
1417
189
2162
1883
275
382
372
949
1883
188
313
757
262
873
1821
907
1276
1403
265
5846
163
382
407
140
2703
642
140
129
141
1293
74
1883
140
4202
4575
426
250
5009
783
942
1883
141
186
846
1897
228
384
2457
407
75
4998
1883
238
168
238
536
1883
2457
634
808
383
316
1883
5322
4662
5108
240
163
891
1883
639
873
141
8188
5766
185
181
334
475
141
228
240
3843
168
276
1003
238
7646
189
4240
262
8060
4526
73
949
935
181
382
2457
1883
5393
5717
1821
140
1883
140
1585
4575
8556
1244
129
141
1293
74
373
1684
4240
382
181
1316
1689
2457
1883
238
3237
1093
382
8556
228
1082
661
3637
873
382
140
632
228
141
758
5298
210
1567
935
178
2624
382
773
8060
2719
2918
75
8213
812
243
1771
1139
873
2523
6161
7031
382
8556
483
388
2999
262
8556
276
316
2002
163
3637
407
8022
262
75
1583
5023
452
5902
383
4375
2457
4664
1410
3637
663
1299
373
228
1774
262
8556
2128
829
855
8556
2216
5257
7437
382
178
855
140
275
1134
3637
8556
129
723
228
129
1684
6379
228
382
8556
8119
3983
723
2018
1276
3382
228
1548
7268
9105
189
1003
1248
407
3652
228
229
140
8556
629
276
382
8556
1020
74
801
2187
228
173
8556
1173
168
429
6230
8060
168
262
8556
427
75
729
7657
163
4589
382
228
8160
168
75
5851
3388
173
8060
1821
1883
3019
140
855
8556
475
141
494
189
228
2765
265
2701
74
494
554
5734
8556
464
163
5891
351
140
7268
265
1967
382
8556
698
500
873
8556
7984
1883
8556
2523
5878
74
154
166
228
396
1821
8538
140
74
5180
154
8747
168
4266
140
757
262
8556
228
2332
5734
8556
1401
75
1401
168
313
383
8556
229
3637
647
1173
8556
3019
554
3738
173
8556
5133
2187
1494
228
74
3637
9110
5734
262
8581
6036
211
3019
407
2815
168
276
6379
8812
1883
8556
140
500
188
5535
1604
8556
5210
777
373
166
478
1883
140
228
737
588
8556
3888
606
873
686
851
773
383
663
2960
129
4304
935
74
300
721
207
181
1939
294
1003
851
8556
163
181
313
1003
238
1417
1939
9140
2457
8556
6199
275
181
1037
1436
9219
3637
1276
7760
1883
9492
228
494
294
382
2457
1821
464
1883
382
9745
3637
8556
140
5073
243
3647
500
75
1821
8556
1883
8556
228
140
452
2457
3637
308
189
382
317
322
3216
235
313
801
7956
168
382
4373
141
4626
487
74
3019
228
1775
634
1125
5749
181
1643
1821
140
181
4718
166
8556
275
181
2877
229
140
413
9162
181
544
166
173
8556
1034
168
181
873
262
1276
536
2168
698
168
181
590
1306
5009
2529
1883
141
1003
686
2415
8464
3637
396
129
609
1336
189
74
228
74
7639
262
6467
178
5009
9310
4870
74
1653
686
9508
4084
4375
1883
75
7092
235
2457
3388
3019
3637
407
75
168
173
3019
815
75
881
294
634
1614
219
1027
194
228
262
1053
8556
275
1091
8556
129
186
8556
4671
4433
361
8556
4852
1883
140
5133
275
163
8556
659
3072
8556
2992
163
219
6696
129
186
322
5693
5693
1185
382
322
634
266
382
3335
397
173
855
8556
4754
1298
1883
228
1203
316
3637
4972
140
2734
154
129
1276
186
382
8556
8556
186
8556
1914
1883
2701
186
8556
1034
1124
228
450
721
1883
397
211
1003
186
178
523
140
194
5212
228
397
140
313
1821
893
7985
3637
3019
536
1417
1091
1436
4373
8556
129
275
8556
140
383
3401
163
228
3037
168
382
265
3345
756
397
3653
1003
8556
3126
1883
140
1081
140
429
178
211
545
3230
228
396
163
154
140
168
178
1054
8556
1244
382
8556
4507
1883
855
1883
1821
186
1301
163
2063
1003
8556
313
383
7365
382
2995
168
262
75
2663
8556
953
163
946
382
262
1276
8014
8912
382
1003
9824
181
1451
2458
9310
238
74
6552
308
1883
262
75
240
274
129
9492
873
1487
783
2458
1278
1883
181
2877
1643
1993
953
173
8556
1821
235
2828
8556
3019
3163
219
313
129
1583
3961
194
3437
6039
382
173
8556
8137
1883
141
1381
140
4071
8960
1276
6086
962
3637
228
183
536
7282
450
600
398
382
1220
2482
6276
4664
877
373
2521
129
1355
8556
539
74
5978
396
189
9600
8556
6485
228
647
2957
382
141
9462
1334
8556
6512
877
629
313
194
8556
873
2933
1883
173
275
7268
266
396
429
317
855
8556
1355
9912
877
373
600
398
183
893
8556
5028
487
125
129
8556
140
173
639
3856
3444
313
382
166
168
877
210
276
266
801
3437
8556
8556
6360
140
4787
2828
8556
4575
1883
536
4745
351
2811
1248
168
8556
607
877
2187
8581
228
74
173
228
129
407
4726
168
173
8556
75
5683
163
294
74
801
661
2482
845
141
3216
382
851
1451
7120
1883
494
189
3558
382
3637
5520
1750
168
4124
238
691
382
855
851
382
186
427
1862
756
2457
168
935
75
2663
229
228
1993
275
8556
7657
229
824
1288
8556
6608
168
8556
6779
75
9814
1883
1417
228
8924
935
74
294
189
1883
228
154
265
8416
4870
316
634
647
426
275
2136
388
783
935
2033
334
4870
464
2458
388
8556
1403
351
382
1689
140
275
1003
207
1296
483
228
265
1001
240
210
783
946
140
275
756
4097
855
166
4653
1003
178
129
1288
168
8556
1090
140
501
211
427
74
74
3637
1293
407
168
74
723
4448
446
1967
382
313
383
2457
262
8556
2701
178
74
594
3216
8556
9542
5734
186
275
3193
173
1034
446
2691
382
1106
1883
129
235
6482
294
4775
129
322
276
8556
6796
1883
1716
3879
5668
5309
3927
166
382
6495
782
181
8556
3858
1883
914
382
5097
8556
3764
397
178
207
238
536
522
294
7203
7268
1653
163
74
1003
4084
243
235
294
3952
1268
361
129
5468
238
5040
935
893
181
6210
382
8556
275
74
250
837
382
7118
8556
8556
275
129
5878
228
8530
373
783
1883
3335
935
3368
243
1883
140
300
1132
316
2801
1721
294
274
783
129
5048
243
243
3335
4474
2136
388
783
8556
1883
8951
228
1531
210
1003
238
783
935
300
1883
140
8556
275
181
1517
129
5693
431
140
388
6422
783
450
4538
3637
1276
536
168
4084
5077
322
2107
228
129
1993
1843
186
388
129
1276
8679
1608
8556
8556
935
154
300
229
855
8556
413
1003
1883
168
855
3563
3368
4068
178
186
163
737
4611
382
361
8556
629
228
935
8556
629
1821
388
1438
207
382
935
166
262
2779
382
2779
186
5978
240
2136
388
783
75
3216
1276
3918
1451
1526
5794
154
228
1053
8556
140
262
772
388
783
168
1682
855
1787
275
1521
154
1374
5009
1268
181
140
240
1883
6053
308
129
8556
629
431
8556
9814
163
1003
556
2918
4843
262
186
210
1278
9492
1140
935
5295
181
3407
8556
7087
3216
183
8366
322
789
1316
181
228
524
5306
262
9492
228
2458
7910
8556
3748
8556
3192
250
985
943
294
2828
1132
1521
238
637
75
1417
382
140
173
8556
789
250
228
634
8160
1093
382
9492
262
606
140
5180
1129
7014
185
166
4010
75
4726
1821
396
129
181
210
536
154
8556
178
168
2502
4426
8556
935
8556
2859
9814
4611
1883
8556
6053
228
140
154
1821
129
238
74
210
2913
3637
1417
1821
140
8556
7657
250
2482
154
824
8556
2482
813
4320
1105
75
129
693
1721
2704
8556
556
1883
219
140
154
8556
3437
140
383
1821
707
186
556
855
3335
262
154
228
396
824
8556
629
322
9043
873
322
536
9866
228
6455
634
185
411
1883
8556
623
168
181
262
9498
382
322
262
1653
228
2918
5781
2457
4870
855
186
3652
382
8556
1090
74
8556
1090
181
140
181
5108
317
382
7287
8556
1721
228
2986
1883
8556
4202
168
1003
8556
388
2136
1003
2862
783
186
500
5104
1003
1821
707
262
8556
1355
140
6402
1276
1276
4232
2454
182
7712
168
75
228
168
8556
140
7774
824
183
855
4638
396
1124
129
3335
1821
8556
7592
1276
3940
6422
8556
173
1276
536
3774
3335
1721
7911
3335
1091
3637
8556
3220
2033
154
3637
275
154
168
531
129
125
163
262
1276
8014
1001
7269
1883
8556
1721
7798
855
8556
2033
168
7031
855
9078
1883
8556
2025
262
1053
140
275
262
1417
382
1417
2291
228
166
262
243
186
163
8556
8951
140
382
1276
8556
243
1488
140
275
3637
338
141
1995
229
1883
545
1090
8556
578
1003
2960
1883
228
1883
8556
1125
228
382
536
661
228
1278
1883
168
464
168
141
3370
873
178
1140
75
1334
1821
3814
382
5781
1804
2457
140
1883
6439
74
1451
1982
168
855
228
3622
243
6779
1968
228
228
7986
166
1821
1355
168
140
1276
2853
163
8556
2606
7722
1821
2630
1883
265
140
173
1320
5258
1684
75
6608
168
1081
757
382
8556
407
801
74
707
75
219
382
262
3216
74
1706
3531
382
275
1035
8556
501
228
7299
168
74
411
8160
382
361
1883
851
266
74
494
228
612
294
309
7365
173
8556
1417
1883
141
578
313
4838
3803
4240
6512
262
3019
8020
166
235
186
141
276
74
361
238
7509
782
166
396
173
1090
154
8924
8556
168
154
601
163
1091
9492
9845
637
129
599
397
275
181
1306
855
1883
322
2673
178
8541
181
3637
228
140
8556
599
275
8984
309
3637
166
262
1276
6512
322
2636
382
1706
382
8556
2738
275
873
7469
1129
74
228
168
316
1003
5011
873
313
129
8556
9817
1883
531
1883
140
8556
166
7336
808
219
2457
154
893
274
935
181
2408
478
2457
1883
238
228
186
183
6515
3216
3637
3913
228
554
3637
382
1117
1026
1003
1502
6561
166
8556
1451
2458
308
235
313
274
194
219
3019
933
783
1993
74
189
75
3627
1029
129
8556
228
935
238
691
5260
2457
186
3637
407
5114
1883
210
166
4429
2457
178
181
1268
317
129
8556
634
7268
411
629
2862
2350
265
693
758
5052
1444
1237
3637
262
8556
1760
1337
7029
382
8060
2000
3113
129
228
186
275
4120
1821
163
873
186
1132
140
265
3767
300
129
5693
431
7211
228
500
3216
74
382
3019
4320
6512
129
183
262
3192
2422
1249
737
382
189
74
1821
178
207
181
383
382
141
2703
1492
5009
407
140
382
183
5728
163
396
2913
313
7268
397
8538
877
873
75
4671
698
2458
382
228
2458
129
338
382
235
3637
686
629
2163
4830
294
3637
407
140
235
3637
427
5902
382
265
210
163
129
4363
1003
8556
949
1883
313
1091
351
210
1237
207
756
228
4489
2765
935
756
359
1026
382
783
294
388
265
5042
9108
3637
8556
758
210
1883
313
5312
351
275
129
411
181
1268
1554
166
935
7268
382
783
129
4114
388
2136
228
935
3019
1001
893
181
1033
154
163
129
186
1062
1883
382
7287
2368
824
8556
4320
1003
275
265
6161
3637
8060
397
1821
140
168
756
262
9498
382
9498
397
6422
186
7721
168
265
313
129
351
8873
8060
228
129
8060
210
163
265
154
163
8556
2624
3072
4410
154
228
1001
294
801
74
7956
4870
1203
4182
129
163
606
3637
1993
1775
4220
8556
1721
166
5873
178
168
154
935
316
1757
1883
2933
383
228
1883
647
601
8556
4802
140
186
163
228
1967
873
140
1821
343
74
129
491
228
3388
262
3019
382
1632
207
154
855
275
235
229
166
2837
8556
382
1276
235
634
5012
228
1883
531
8556
549
4671
1480
129
1003
693
2689
4676
5734
183
1034
8556
7147
228
7945
266
382
140
140
713
560
266
373
7287
1170
243
1008
3637
322
452
313
1203
275
382
8060
1775
1720
338
262
8556
382
754
276
704
129
3019
500
2579
1883
8556
539
3019
873
1054
308
279
2458
4240
2457
262
8556
3783
483
1553
4870
4375
140
141
531
189
186
629
275
181
211
141
2710
3528
3637
219
8556
1417
1883
186
265
207
1883
661
74
478
373
382
1999
262
1993
2457
75
3637
1993
7192
300
5872
8556
140
3019
545
276
235
382
8556
623
372
189
1225
129
3187
1883
3019
536
210
228
663
396
166
873
140
8556
5157
7945
343
235
186
163
8556
1883
2624
313
262
140
3200
275
8556
729
5873
140
949
275
189
8556
1409
228
235
262
1526
228
294
1856
228
3637
140
2508
168
1591
5131
855
1355
494
140
808
168
154
189
5207
276
129
235
189
382
8556
5781
2482
2610
870
228
3388
173
2187
219
1276
178
235
168
5734
141
1821
140
8556
1334
154
166
211
3216
74
382
1367
3019
2815
1185
1745
1035
524
7508
1883
639
6107
7910
228
427
75
501
555
882
1883
1075
6379
316
426
4122
1821
274
5440
75
5200
1035
8556
1883
524
4295
129
1846
1883
639
1821
1035
524
4880
75
1631
274
935
74
189
1871
450
1890
74
382
661
1003
3444
8011
1804
129
782
1883
4853
154
3655
189
396
1403
189
3845
129
141
228
634
74
4605
141
1026
2458
308
3919
168
276
8556
8778
2582
6379
262
140
188
173
382
2595
5622
228
1821
2187
74
235
634
3019
777
3918
3461
1203
539
1821
140
238
8244
522
163
129
1288
1462
1480
228
450
9600
4122
181
935
8556
279
3814
207
914
140
7192
359
8556
2915
1883
141
545
374
181
873
129
140
154
140
2163
382
8556
168
411
397
8556
5400
275
238
210
5570
228
737
74
8556
427
1883
140
210
7926
275
383
8556
2458
1883
1883
6379
313
163
1129
228
228
1517
2447
275
181
450
523
194
166
129
1117
629
322
308
194
686
2163
275
1821
1360
181
450
2458
243
1180
178
219
384
8556
427
8175
1883
578
168
2458
243
1185
1883
5133
6529
7268
300
266
4653
166
140
4336
186
873
322
178
873
75
1210
382
9492
1883
140
8020
262
8556
634
140
877
373
756
782
262
1027
6033
1237
877
1632
275
6552
4375
4064
382
873
1451
629
1132
8556
382
183
807
228
2636
382
483
450
1821
228
1760
2041
563
8018
3637
2523
3492
228
228
188
313
500
6280
207
7268
181
8556
3197
1883
313
1203
804
382
1276
2627
154
382
194
413
1629
276
1001
1122
154
382
2913
3019
782
382
3658
8060
6701
163
207
8060
777
243
860
382
5286
4914
634
6379
383
8060
599
935
8060
2576
140
382
8556
1883
411
8556
632
228
8556
2878
129
2523
4664
6379
563
166
9529
1019
8556
186
166
4423
893
5865
219
8556
1821
140
154
6953
382
3423
1883
228
228
140
629
275
6402
163
1185
873
154
4149
1451
4230
1883
9492
262
382
8556
825
1883
265
1502
2291
163
3501
873
228
166
873
8325
382
8556
659
186
1090
373
5440
2458
7956
129
183
74
210
1694
9492
523
382
238
1026
7192
276
140
275
4489
382
140
275
166
873
186
411
2163
1494
873
8556
140
210
601
228
563
168
1001
563
129
7192
5536
154
75
1094
935
154
1611
243
2458
243
1821
808
154
3684
228
634
343
851
266
229
949
382
1466
8556
698
129
229
210
413
407
168
746
5734
8556
6561
1804
243
4894
129
382
8060
536
7646
382
8556
3216
266
300
322
4852
229
276
2907
178
129
374
2635
5743
1821
228
1003
411
777
935
140
3501
163
275
1100
555
194
9492
178
5009
647
1367
275
382
555
9830
238
1793
772
663
74
1451
475
238
140
2862
1337
373
166
782
907
8556
1883
1090
154
7774
873
228
181
4375
1883
1632
140
4850
1804
2200
382
8556
1821
140
235
2291
382
8246
2457
166
154
383
873
905
382
185
207
266
229
8167
1020
396
382
5286
4230
266
194
6505
168
211
8060
1816
5313
8060
536
1821
500
166
382
1652
173
186
1495
7278
140
3126
228
210
397
129
407
2631
168
166
382
384
2541
4322
210
166
382
8556
140
168
240
163
569
1883
1785
262
154
1883
210
634
4322
228
74
1883
1821
140
639
194
1952
407
189
8556
3350
1883
140
2689
140
262
4240
8556
7087
1883
219
228
407
8556
140
382
141
1293
74
181
1883
338
8556
6797
74
1706
7340
777
601
3864
609
3257
228
9402
855
141
2200
2457
382
7032
238
773
3637
3444
3550
1883
783
8060
382
313
4011
228
4448
4763
893
74
140
1003
140
1090
1237
2765
275
1451
1090
373
265
691
4448
6213
3019
8022
382
4101
235
168
129
8060
8556
1958
1140
168
235
383
140
228
235
383
949
382
3740
860
1403
300
1492
382
1451
228
2918
563
1336
1993
75
9526
8556
2996
1883
228
154
163
1001
275
262
4594
382
4594
173
382
8556
186
186
563
3914
382
1815
9492
1883
629
140
396
163
1240
382
74
3363
274
935
501
1003
629
6074
893
6505
373
1821
5248
8556
1883
8060
140
129
183
7146
266
2181
166
74
228
173
2457
1706
2187
3637
554
140
3803
4240
8747
1883
338
8020
129
407
1721
9368
129
2457
74
228
3388
141
80
2765
5326
8556
5902
1883
338
1821
140
74
238
949
1883
5626
178
1632
8556
1132
129
140
5174
1883
8556
275
1140
168
173
382
3740
8556
279
154
74
893
4870
129
943
5846
1525
6064
8556
1417
275
382
2222
1237
382
228
935
3563
860
183
338
163
178
140
154
2638
5693
1883
140
181
935
1883
8556
2673
1003
629
1505
373
783
1821
168
262
382
3914
8556
634
235
3019
166
1883
141
228
168
316
313
5727
166
424
5742
129
3019
1883
275
483
1122
1883
8060
1278
1210
1129
5106
1883
228
129
8060
2625
1129
189
2907
1883
8556
9921
219
7592
228
309
2287
6379
383
1053
5009
181
3809
5826
1883
207
758
5012
8556
275
1821
163
140
276
501
483
873
129
8556
7911
1035
483
228
186
407
168
74
154
382
6379
1091
8556
228
1883
8060
536
207
737
373
6379
935
3329
181
590
1003
7482
893
181
382
181
1883
8064
185
8120
634
74
5743
9492
1883
8556
2610
168
1760
6531
2291
382
8246
8556
1090
74
194
382
396
181
7639
75
584
1982
211
8556
1075
8556
275
181
590
382
1220
238
691
382
207
74
5009
228
446
154
5157
2422
757
1883
5038
893
6754
129
1883
524
1027
316
163
3329
163
8556
8556
873
8556
154
163
935
166
228
1053
74
4605
1821
1883
1276
873
186
154
189
8556
606
687
300
168
181
382
1608
8556
601
382
629
8556
942
228
8556
5131
1883
8556
373
893
783
382
140
772
2541
154
373
873
629
5131
783
178
211
8060
536
5554
875
373
4818
8556
4163
173
8060
1003
1517
8556
4132
228
8556
450
6801
1883
1117
168
1185
308
935
8556
846
2299
783
166
824
8556
609
168
8556
129
8556
1451
4628
737
4448
783
2982
873
207
1821
3220
129
8556
8474
140
219
129
388
5963
8556
458
294
1451
2673
211
3637
932
5850
396
166
168
382
7204
75
4140
851
663
154
229
9880
382
194
6505
308
382
5191
8060
6988
1003
2225
1765
166
6280
382
188
129
140
452
7533
1883
8556
173
8556
3019
3627
228
383
782
500
4529
639
2631
228
523
313
521
1883
1821
6953
783
877
2458
73
1993
1003
1203
805
450
1663
382
2368
129
589
1517
8556
990
228
163
228
873
183
6002
8556
2262
1883
8556
2041
588
186
7006
382
1531
276
1003
3381
2088
1138
877
783
166
6447
450
588
8556
313
129
183
4097
125
129
783
168
8556
9807
3142
1276
382
9445
3637
1288
129
3564
407
300
8556
777
140
2187
411
382
140
2482
8556
623
163
7269
1883
3270
1403
235
606
5332
609
1367
382
3019
2370
228
6781
343
7287
2457
228
168
8556
1075
8556
2807
163
978
1276
1821
173
756
475
8556
729
240
74
5180
8556
1821
140
8556
3746
211
3019
935
8556
1862
300
382
207
294
189
141
851
1001
383
500
4387
873
589
168
129
75
1973
228
1968
8556
935
3563
2440
309
262
185
1208
1814
154
322
1821
3494
7269
2458
308
1094
1814
228
129
1203
316
189
316
382
265
228
168
1203
9134
8556
4240
935
181
1939
1019
8556
1883
141
382
317
8556
7639
4870
181
2408
228
181
1316
361
207
1403
168
1140
168
411
229
1292
141
382
317
322
5011
129
1585
181
382
851
773
243
1075
238
1699
1883
382
1689
8556
1883
140
5133
317
382
351
8556
1417
275
855
607
772
935
3563
181
1883
265
6512
2408
3607
873
943
3490
228
1883
265
458
238
634
1883
686
7092
2163
316
228
2187
228
1544
168
978
129
8556
1417
181
228
262
2918
8556
1721
129
943
238
74
313
181
282
601
382
243
1576
873
238
8537
186
140
1100
262
2701
9110
163
1003
74
228
2828
8556
140
3637
5878
229
7182
808
308
154
168
697
8556
1173
8274
855
7676
1883
276
8060
2859
6036
383
173
8556
7786
1883
2890
824
1276
2168
9814
8556
2606
855
5581
1883
634
1821
129
168
8556
9296
1883
141
2508
7264
140
8556
6230
676
8556
1883
8556
140
3637
1276
276
6379
1883
189
7533
1883
8556
75
1916
1180
3059
1077
228
8060
3345
211
5208
8556
2501
1883
3078
907
8556
3216
6379
2502
2738
1883
8060
4202
8556
713
855
807
382
494
6379
9134
812
74
228
282
1003
8556
210
1883
140
6797
693
6478
74
262
2643
7676
382
1968
243
1075
140
7120
74
343
4097
1001
2863
3637
407
932
178
8556
2862
313
189
2559
6379
3637
5631
1299
382
8556
599
932
74
8060
228
207
6379
5009
6103
168
181
129
589
4718
8556
599
228
1125
1140
168
141
2636
300
382
8556
2041
382
141
452
1003
1883
773
74
1122
2457
228
494
1227
382
3637
851
2710
7646
189
129
407
189
75
1210
140
74
359
382
238
427
1367
634
74
2606
494
275
300
4669
178
140
1276
563
5332
4771
382
5693
140
181
3809
5781
207
914
173
1203
2779
266
194
382
1003
851
140
163
639
313
7023
1276
949
228
313
262
140
276
2399
382
446
154
1689
8556
2595
194
500
154
1576
166
3923
382
4870
873
789
1916
1180
228
2458
154
129
1480
382
686
6953
6721
2482
873
1276
1782
300
1292
8556
9463
450
3563
3923
382
275
154
496
382
8556
1032
382
3637
1276
2396
8556
5598
450
219
154
1003
2364
8925
887
228
228
1883
2801
243
5369
129
4658
1883
8192
1053
228
1883
8060
7211
8556
228
8556
1053
322
275
74
3637
5511
1003
154
8556
2367
1883
189
276
266
2742
173
1003
8556
3216
238
5341
1276
129
322
6797
1883
1312
228
1754
228
140
2502
693
181
1939
361
8556
1276
4644
907
8556
276
189
6693
140
219
8556
623
8060
536
1355
4373
359
382
7646
343
749
228
207
294
154
4894
262
2234
978
8556
801
801
228
228
589
140
8984
8556
207
4375
140
154
276
262
154
9134
228
8556
189
1883
1821
1726
75
140
983
450
7265
373
754
9916
154
1276
294
228
173
3637
1821
4295
75
8556
2859
189
3557
382
8556
1276
4966
7282
228
8556
9713
1883
228
240
2482
1713
294
1054
873
8060
3837
5811
2918
6953
173
228
8556
1372
5734
183
211
1045
1883
8556
3437
228
129
1276
1372
154
163
5009
1003
1676
228
959
424
129
228
1003
2003
228
189
1053
601
1429
5207
1003
986
262
8556
8891
1120
228
1545
3637
188
154
2705
382
8556
1067
1298
3637
188
8556
623
382
407
75
140
1883
8060
3882
8556
219
8556
2624
396
229
228
189
4691
382
2540
6422
8556
2701
2461
275
154
3189
129
3658
228
935
316
3637
9998
825
228
2665
522
173
8556
1409
812
873
382
8060
8556
2025
129
693
993
74
4184
475
8060
382
7204
8556
4288
1883
1276
5009
228
1487
211
207
1372
74
4375
3637
1677
154
189
1055
382
4288
873
4288
1883
8556
2988
276
8556
3637
343
8556
1995
1883
8556
1760
2502
1276
3858
382
3019
2137
294
873
1643
1883
851
74
382
207
266
228
4870
6471
322
313
397
8556
1132
1883
219
183
8556
316
676
8556
8503
8556
4132
228
3637
9928
3230
140
382
697
8556
629
1821
140
163
1065
382
361
275
2458
783
877
382
7945
183
8366
5341
647
1054
163
186
1883
313
154
228
228
588
166
3637
8060
8556
2586
6699
178
686
4097
129
275
262
75
2494
1883
2458
7872
1313
194
8809
8556
707
75
412
1075
5009
8556
2003
194
873
8556
450
588
188
1544
8556
3270
140
210
9525
1276
3946
873
8060
584
1862
163
3637
279
693
2701
1597
300
382
140
140
632
228
3922
555
3127
173
276
3461
634
4775
129
322
599
338
388
2136
6795
3637
178
154
163
431
1883
265
382
2915
265
9473
3637
8556
228
9310
8556
1699
1053
563
1502
3382
1821
2200
129
154
4448
382
1117
1883
3656
163
578
1285
1821
129
265
531
8556
3335
5665
3806
578
7760
1604
411
8556
140
5009
6064
693
3300
1365
228
545
1292
1054
178
8556
140
300
8060
194
584
1132
873
1054
5954
140
501
8060
313
1091
8060
1032
1883
1134
4238
300
240
5011
382
228
589
316
2815
75
228
186
873
188
343
606
1883
796
1062
228
262
75
4685
396
5374
3408
188
382
1815
75
8009
1883
140
5227
313
3460
7119
382
188
873
3265
228
680
6379
3811
228
935
8556
623
343
317
8556
437
6379
8904
8060
531
1003
274
6801
8556
154
8672
7645
634
801
74
677
140
5131
2216
3637
9323
382
1276
228
8556
7639
978
322
3157
3637
154
228
1993
129
1545
4070
262
141
1334
300
2457
1336
228
154
8541
978
238
140
235
5091
238
8022
3637
3786
1883
396
5528
275
944
154
523
211
8556
1045
1883
343
2180
2457
496
168
316
129
6545
166
8538
140
4487
2187
3637
407
75
168
555
194
500
316
4770
8556
5734
634
3019
777
129
238
522
544
74
228
207
74
6801
163
1090
4870
5227
1984
426
783
3637
1502
262
275
1336
74
1140
210
1278
1821
181
5781
141
873
266
1883
9711
942
250
1915
313
189
697
129
313
782
188
194
8060
8556
2523
5878
3094
1383
129
6471
5805
707
182
1661
154
8556
491
1883
483
382
1093
5197
309
382
8060
536
1239
8556
262
1276
8219
808
1003
8556
1796
3205
1883
8060
5133
7268
8556
1487
74
8556
1001
3637
1276
8219
634
7376
427
189
2689
228
178
855
1288
1237
189
6584
4240
262
1103
154
229
8556
539
1883
1090
228
382
3381
294
189
9636
1821
5227
168
140
1003
8556
935
181
2983
8556
1001
129
1032
1821
129
7027
382
313
986
407
1001
173
228
8556
483
737
228
8556
316
4619
1821
3335
5744
262
316
228
189
606
8556
1034
343
671
154
166
1065
276
181
1037
521
140
75
5227
4288
189
1003
933
5914
178
396
74
361
238
691
1003
522
173
522
3855
228
3637
4870
1403
154
1883
8556
207
74
194
163
181
178
2342
483
186
539
873
265
141
1451
825
1883
501
166
450
5812
129
8556
5902
1883
373
9090
186
154
163
75
129
464
228
178
584
228
74
210
737
678
9492
414
407
539
189
8556
8020
140
219
129
1276
129
1288
3637
407
168
5251
4240
219
5104
1027
207
7775
1451
659
1883
556
3188
1276
2620
4410
2918
7775
163
1278
1003
949
1883
1203
845
1003
407
2458
7702
382
1276
693
2216
606
219
322
396
129
686
397
275
188
8556
411
8303
1883
173
501
935
1117
1883
309
6379
2136
388
5229
8060
1451
1982
6257
1237
163
275
563
228
384
6280
382
8556
2559
873
140
1276
1417
129
188
163
228
382
4742
634
1242
163
1451
2482
3471
1091
6379
873
1054
1720
1635
3637
3444
183
275
6909
129
1276
9866
262
411
1451
1185
308
262
1276
1062
129
450
1296
1043
1883
9022
219
398
168
168
181
1531
316
1883
8556
721
300
1020
855
275
382
1517
140
483
229
1883
8060
3723
188
243
860
501
697
873
8060
536
3004
1003
697
5009
943
168
181
173
7243
228
1003
141
8556
1846
129
697
229
1436
8556
1296
1883
873
6379
426
166
4456
129
8386
1821
168
758
522
382
228
873
186
914
6379
229
3125
398
1883
8060
536
382
1635
8556
294
140
483
359
1003
8060
536
2767
1374
188
637
978
8556
262
3216
6379
1003
639
8060
74
243
316
178
782
8556
1365
163
1436
8556
8556
2458
8556
279
3814
3940
693
5028
163
173
8556
1883
219
1276
2767
382
4321
877
189
3363
382
687
398
450
3563
1821
4754
243
1821
1517
873
188
313
1122
243
313
1035
8556
846
3832
228
8556
189
243
4448
873
483
2458
5057
3015
697
382
384
501
5809
1883
8060
962
382
308
229
8556
2952
413
1796
228
228
873
8060
589
8729
860
300
219
374
229
166
8556
8540
1883
483
697
382
600
173
2701
382
1203
1026
1883
4611
74
6482
1526
382
238
2222
140
181
3809
361
168
7956
168
181
8556
8556
953
74
8556
1034
228
228
219
1027
1883
309
382
7777
228
1140
396
411
300
2350
1027
935
207
300
1077
229
413
599
266
262
7777
229
413
737
73
141
228
186
2317
181
228
74
530
168
904
266
397
129
322
1507
178
8556
275
181
590
228
207
1883
309
163
397
1003
7376
6868
322
228
6868
1721
129
411
2216
140
1105
309
1959
8556
804
1883
589
228
1883
1203
8556
9814
228
2986
1883
8556
4202
3637
3947
9574
228
178
186
265
531
5133
279
228
1883
1821
140
265
5042
7639
873
1436
1053
181
3809
1003
6356
265
935
238
691
1792
4870
8556
2523
2169
189
276
639
265
7504
211
8556
427
300
7718
8556
623
189
129
1276
1401
1883
4230
1240
4589
382
1266
8556
1883
3270
338
262
8556
545
313
129
3019
1409
3864
173
905
1003
3686
1883
6598
737
266
1883
4799
129
322
990
5805
166
3019
1237
3637
6754
228
178
1993
3404
2982
382
4031
228
1883
309
3019
228
3019
188
851
266
382
1387
129
228
262
851
74
194
6393
266
8556
1883
140
275
5009
8630
228
5009
8556
74
189
166
8813
140
74
189
1480
475
1276
178
8556
609
140
141
1122
2457
5894
2960
140
756
229
6285
228
168
129
5902
75
163
243
1299
129
1299
276
316
1276
523
9296
8556
629
757
228
1821
129
140
1417
74
629
140
129
2458
243
168
322
5133
1203
429
189
5990
262
8469
7914
3637
1490
5138
382
825
243
8220
3637
407
154
229
166
382
7101
129
2082
382
686
8020
140
351
4499
8556
1883
322
1003
8556
7872
228
4375
313
129
8556
2722
407
182
168
383
1020
782
129
382
521
8556
294
5094
262
8556
7639
316
907
351
228
2287
219
397
1808
211
238
893
382
185
9492
472
756
397
382
851
181
129
8556
623
1939
4142
693
7592
4034
6402
8556
1409
228
129
316
756
316
316
3637
686
313
3987
129
396
397
1883
338
1821
140
382
998
9492
210
783
168
578
382
4375
494
554
229
3637
8564
4633
4588
8556
8020
228
300
1003
3019
266
372
978
8556
1417
313
229
1821
228
3637
1299
140
2652
8556
7340
1883
141
313
877
74
7182
154
3746
129
8530
228
855
228
634
154
1415
4536
3193
8556
623
229
8556
412
413
464
140
210
229
429
141
8274
9492
262
275
563
5393
228
6736
168
182
129
1276
536
6698
181
2457
228
279
873
229
141
413
1982
173
8556
8556
338
74
2652
9492
229
600
4240
2458
308
8556
1020
140
276
6379
383
3637
2457
1276
6780
228
140
2443
1883
545
3637
1276
228
228
262
2482
8556
8060
3637
382
8556
4092
1525
173
141
8190
8556
275
1122
2457
5873
8556
1213
1003
6379
2765
8556
9660
1883
8060
6492
8556
173
8556
9959
1003
3748
228
8556
4286
2916
129
855
178
8556
2663
140
374
343
6781
382
194
1276
1003
75
6938
1883
9024
855
2457
262
2586
228
229
166
1054
275
563
1337
1480
8556
1113
129
8556
3374
1883
3200
228
229
178
141
168
6379
229
413
140
8556
9919
870
1883
555
166
7120
8060
228
1952
891
240
140
6379
243
629
873
4591
2458
783
2113
173
8060
1525
1001
129
262
5057
382
274
1815
8556
1356
1883
308
407
168
721
1194
382
194
322
9734
154
563
8556
7031
238
777
475
2624
168
154
382
1663
141
8245
382
168
382
313
536
276
181
475
8556
228
7763
1883
219
2482
181
140
275
181
1037
2918
1883
2457
8556
1750
181
590
500
5009
384
8556
1336
238
1931
383
5117
129
873
464
74
4870
2804
4448
2999
276
578
163
74
634
6379
7182
74
194
949
382
678
316
1140
140
250
7118
275
238
1521
9492
5009
8556
140
228
2862
1091
186
275
181
1037
1276
382
783
8556
1721
129
411
452
450
219
2665
691
322
1001
178
129
309
322
382
873
140
2916
824
8556
8284
1883
140
178
163
168
4883
3637
8556
168
1436
5781
382
1495
300
154
166
411
181
1037
274
322
2075
1821
154
274
166
783
178
228
186
373
166
935
7592
140
1959
411
2894
243
427
500
309
1268
181
186
1090
2458
7956
382
851
74
163
1451
74
4591
1001
129
3019
431
359
6379
1706
300
154
1765
873
935
6379
166
129
7933
173
7268
75
914
373
140
935
3335
1195
166
1883
3335
7415
129
183
183
228
6379
4665
125
634
343
6379
382
186
228
294
186
1132
8556
262
3216
183
388
737
316
163
228
75
228
6379
75
693
8654
7417
1913
188
8060
129
3019
140
163
8556
2620
382
2701
563
893
3019
178
1451
316
243
629
1053
140
163
1821
3194
1883
1053
1883
1821
1866
75
6954
6379
262
4356
8060
300
154
166
140
8020
129
388
8556
5217
1003
8556
601
5097
634
698
74
129
238
1334
275
189
1360
1521
129
1210
1883
2458
2200
873
163
141
210
181
1378
186
1001
1436
5634
1993
219
9866
398
1883
1276
2168
178
228
300
8556
623
3193
1694
382
5781
228
7120
173
8556
1001
154
274
166
2181
5248
1883
178
877
382
7579
4831
313
189
5011
382
6772
173
188
8556
228
1883
8556
384
183
737
183
4852
194
262
8556
9809
4375
1883
141
238
73
545
1883
8556
6354
4605
140
388
5493
8060
154
376
588
8556
1180
1093
450
373
74
478
9492
1531
140
8556
8075
1883
1352
250
4606
183
228
5009
8556
5735
1883
140
1417
189
382
8556
140
8984
168
382
8556
693
1883
6529
73
877
313
262
407
75
279
183
228
2995
183
6036
173
1574
873
2828
647
1883
686
5728
1003
1276
4056
8556
210
154
229
382
1720
8556
554
1883
168
5734
4240
1883
141
74
1656
783
141
210
228
1438
181
382
140
141
1293
74
4448
8670
173
8556
140
396
189
609
382
262
8556
2482
154
487
189
634
168
316
313
6293
129
140
431
1883
8556
9040
275
2916
1035
228
8556
1883
228
1883
240
563
178
382
1451
7872
75
262
3216
75
343
140
7677
8556
262
316
4391
74
228
154
141
638
173
1034
228
7268
74
873
140
1003
1276
1417
186
1862
396
74
4296
450
9940
661
8556
1132
1883
186
141
275
4914
6613
1914
4448
2597
140
163
1372
2457
129
265
228
452
3922
383
228
166
382
1075
411
1916
1180
1528
1184
322
1792
935
382
783
1576
276
407
531
373
958
8556
396
266
1194
166
873
8556
6728
140
5009
397
1003
228
601
8556
764
163
276
873
322
211
2858
8556
8552
250
783
140
228
2482
9266
3637
316
944
228
2734
8060
3370
873
851
8556
163
5009
374
250
1352
873
1276
1883
1821
1355
140
873
8556
189
1935
374
2013
359
783
8556
140
274
4097
228
313
3907
1003
3907
274
9247
8556
275
186
129
678
1883
7513
210
450
210
8556
2614
1054
1816
8556
756
877
530
309
262
275
382
351
8160
5393
8556
1883
265
3216
411
265
756
9032
873
235
228
173
629
1293
173
8556
6199
235
1360
229
140
629
8641
75
845
382
5626
129
1993
1003
8556
129
140
9189
757
1883
168
7268
228
168
8556
691
3415
8556
228
129
188
163
238
376
737
210
1883
8060
642
382
9492
783
414
294
238
1299
382
6213
141
1026
140
1299
275
8556
9284
1883
8556
275
686
140
309
3637
1797
3858
74
274
166
3127
238
3053
181
1460
382
168
74
382
9492
282
6379
7182
634
8060
777
1883
1372
382
140
275
563
8556
1034
5954
1276
1035
676
8556
1173
5157
1821
154
1091
2482
189
487
1883
140
74
5734
8556
3686
228
140
3637
3652
2415
7025
262
2824
228
2055
397
4732
316
382
228
141
693
5981
189
3637
1276
536
574
313
1007
141
638
300
4589
382
530
2457
228
74
343
9140
4895
1883
186
140
5009
2734
873
166
3637
5902
5048
228
308
343
8538
168
154
9880
8556
496
140
141
450
235
1883
140
189
1883
450
276
8556
7163
1883
300
824
8060
228
396
240
8274
1451
178
166
873
8556
1871
563
166
1093
382
178
873
8556
693
4660
228
194
4894
634
7268
8556
3525
163
140
3637
407
228
8556
279
382
186
9189
623
262
140
178
5812
382
1694
238
219
140
129
186
194
7389
141
1526
8737
181
313
1883
186
1417
163
140
7268
4068
2457
168
8556
563
173
8556
1968
317
8556
804
1883
163
129
140
382
265
9973
228
8556
3580
6379
382
140
211
275
8556
2738
3874
1883
183
189
1629
129
1883
219
2680
873
893
129
5693
431
1883
235
359
2521
75
382
8556
2624
2021
3637
1517
873
140
235
427
8556
758
8767
1883
173
8556
1760
3329
8556
7682
584
238
2518
1883
140
173
8060
8219
8556
228
1883
693
1821
464
1785
383
228
8556
5267
140
383
500
3735
639
8556
3676
228
3558
8556
2262
382
75
873
8556
228
452
2113
8556
168
322
397
8556
2287
7682
228
3814
173
4694
178
129
522
382
2482
8060
396
154
373
8556
228
629
1129
2478
1883
140
300
8556
1575
1883
250
783
262
8556
91
1467
475
8060
3637
8556
275
9600
262
639
8556
427
555
3216
825
243
691
4448
383
129
407
2000
219
168
875
373
361
228
2894
382
73
382
8556
7872
3637
238
9110
7365
382
8556
8345
316
2986
4785
173
240
1735
238
1487
1883
8556
2624
313
1758
8060
7120
1821
8060
825
563
1436
1170
4870
2918
8556
2482
8556
6976
382
3731
322
5548
6478
173
8556
693
5217
166
5946
129
1653
464
1721
274
783
228
7268
173
219
949
893
5865
262
4124
300
1276
7044
7014
2458
243
8503
452
6522
639
129
228
7268
5009
7639
173
238
228
5966
1883
8556
2247
382
1821
250
2411
384
9492
166
1217
238
74
194
1684
487
873
1643
2880
8556
942
74
5108
7389
5194
141
3637
8556
275
1360
756
1077
8556
452
3844
1883
140
5734
8556
623
8556
1721
1883
8556
228
398
412
873
351
3637
8060
987
173
1872
8556
2482
1203
764
3191
228
74
189
3637
1883
168
313
713
166
8060
873
235
313
173
1821
2332
262
279
382
412
166
8556
3255
294
4870
452
388
2136
194
413
3019
207
235
189
1173
74
229
166
855
1608
1883
178
1417
74
7550
1480
555
166
1821
154
359
783
396
154
373
228
8556
1334
783
5914
228
935
265
8471
2894
1883
407
207
782
1451
825
1653
8556
1173
383
1436
407
397
266
3113
4161
4428
1883
8556
313
1883
8060
1337
228
1883
8060
228
3124
309
601
3637
8556
228
634
382
2457
3255
8556
1173
1883
313
1003
8060
773
382
186
383
8453
429
189
437
129
407
7512
228
3637
1821
4322
382
3806
1480
1288
382
168
494
189
211
686
228
1821
5194
8556
338
873
140
1804
154
2187
129
4296
189
178
1821
140
1883
3019
5476
554
8556
9990
228
141
8698
691
294
801
74
75
2216
129
313
1614
343
384
8556
228
351
322
396
2458
578
129
308
129
322
5735
3152
776
756
276
8556
1147
8556
140
3019
129
8556
8020
3216
74
397
707
5475
1821
650
228
266
642
3058
262
140
228
1883
411
4615
407
189
8556
313
563
166
8060
3965
382
1480
588
188
6781
262
2918
873
4332
262
8556
4071
686
3528
140
1105
351
168
7177
2977
9526
8556
4741
294
266
1993
382
262
8556
3157
166
178
129
3655
713
266
194
3633
8556
4831
1821
266
262
634
8490
74
313
3637
1276
7657
8556
3216
599
338
427
8060
140
4375
563
5581
1003
6064
1821
129
154
6020
9492
1480
1872
186
496
693
4852
875
228
2130
309
166
313
262
8060
359
5653
9492
2533
382
238
1451
1185
308
8552
7986
166
978
8556
181
3363
2408
207
8873
397
140
129
8556
2216
186
545
5684
313
9492
873
74
294
189
1883
8556
140
873
8060
1872
8556
2482
893
266
166
2358
3637
7177
173
141
2710
641
228
4209
382
1883
163
228
1883
3728
935
181
1883
219
8556
7639
2408
783
588
943
4275
173
8556
777
74
129
4694
1105
8556
2862
140
1372
262
8556
2667
1883
313
382
1517
5066
407
168
1501
9961
129
8556
313
265
189
6379
140
3637
8556
2525
1122
382
1760
2041
8060
8556
5859
1883
163
1003
407
338
140
219
183
623
6713
4332
1883
1276
240
163
8556
7872
3637
1821
935
1090
783
140
3637
75
9110
1883
407
3194
1451
729
383
1372
1689
140
382
693
2222
189
8556
1001
228
8556
4034
7745
396
129
2169
154
129
8556
629
584
1417
4613
140
873
8556
3416
6379
313
343
5828
1883
8060
935
238
825
5978
262
1417
382
5734
141
6012
1883
8556
238
8022
163
8556
140
2638
8556
382
219
313
521
3637
8556
1334
1883
219
8556
140
4770
8556
3216
154
189
864
496
129
228
262
228
6277
9134
154
1526
2482
7696
8556
1337
1883
1883
228
2458
308
129
1355
262
851
238
6781
173
2457
189
8556
7657
1883
693
173
758
8556
1883
154
163
8556
5133
1417
1883
313
166
276
1883
1090
6379
3717
129
8556
168
140
1480
8556
1883
483
382
643
3019
338
211
1203
431
1883
629
2837
228
5251
398
75
1883
1863
1821
2200
8727
129
634
801
74
1959
8556
4482
634
8490
1299
1821
228
154
4448
783
1460
178
2482
1401
7166
73
3270
1883
2701
4870
2643
228
7968
397
275
384
9492
1039
238
3858
3193
873
228
316
873
189
186
8556
140
1003
3126
243
382
382
2495
228
647
4588
1003
4330
1357
316
3094
129
6054
1883
228
316
382
207
412
262
219
411
3533
1027
3637
74
634
189
228
500
8556
3873
1883
266
1883
8556
8175
382
140
1203
2482
154
229
228
9998
168
4085
129
8060
294
824
8556
140
4838
3637
8490
74
634
168
8060
7657
1821
74
6781
475
8556
5133
228
7956
5781
238
262
3216
266
181
544
129
228
140
74
359
9316
141
777
129
407
1727
1220
168
373
783
3622
382
238
2482
74
1077
9492
1360
140
266
228
140
729
407
383
275
1451
1583
9392
140
8556
129
1883
2217
1003
7376
9110
382
8556
659
140
313
3637
3200
3284
189
129
3220
555
7287
3019
8114
1814
3019
2111
129
1999
228
3033
978
383
524
313
359
173
1517
7646
129
2559
316
219
129
873
2718
5734
8556
629
1883
74
178
1883
316
210
6379
4665
1883
313
316
275
1883
309
783
873
322
2595
300
382
316
228
8556
140
3189
262
4770
6248
240
5192
620
1883
4435
3216
3257
228
1254
397
855
228
3637
129
1276
6158
4529
873
322
1591
5734
140
2482
154
563
1104
1276
9098
75
1173
5734
8556
168
186
262
737
588
313
8541
1883
140
4755
873
1276
638
300
1821
178
8556
382
530
1027
783
154
5108
6379
189
166
396
464
7014
262
8060
276
8060
279
6478
382
1264
8556
75
5684
382
851
875
7843
2458
308
382
8060
8060
228
6379
343
384
3019
487
8556
1003
7617
228
129
8060
262
1401
382
294
3019
2458
1883
3019
427
228
1094
228
1916
1180
228
772
75
2801
713
6379
450
3563
3637
235
189
1043
211
6739
1883
8060
313
3837
8556
450
3563
3019
3033
8418
9545
3637
2251
235
7552
173
8556
276
178
166
382
2708
634
8677
3637
9492
458
211
2013
8556
228
322
228
1750
1487
228
228
578
2983
1122
2488
382
1760
1821
140
427
343
2652
8060
129
6727
1883
813
1821
396
8060
8114
73
6342
73
188
228
1372
228
754
639
8556
1821
8556
3588
4448
998
1764
6379
173
8060
8556
6954
228
8556
3637
8060
228
3637
140
851
5009
8556
2807
450
343
1883
437
3394
496
8060
873
140
6379
189
8540
1883
228
1003
905
129
1757
178
8060
1065
6701
6379
382
3722
1684
228
262
188
427
8556
2620
173
8060
276
8556
9973
1883
9639
140
8060
693
8023
531
300
6393
129
855
7646
75
729
382
6521
322
189
1003
8556
5133
1337
228
276
6379
855
8022
1883
1494
1480
129
8556
1381
228
240
2251
228
8060
178
1043
8556
6938
873
637
746
2458
6379
382
8060
228
173
8556
1065
228
8556
6379
262
2251
986
8556
846
275
8060
4526
524
1180
343
294
8556
3675
140
313
382
407
279
229
189
3950
188
382
8556
275
6379
229
1003
8060
382
8060
168
322
5227
6379
1122
129
1619
8060
4116
228
322
338
228
932
382
262
3019
8060
3300
1337
359
1959
9264
382
1276
4691
450
274
194
8060
2033
2113
5734
647
5009
1883
313
300
75
1567
382
7287
8556
3961
1883
3274
129
1355
1298
382
2710
228
407
265
737
313
754
168
6379
181
3809
783
458
279
178
5945
1883
609
8060
1821
140
266
2136
475
1235
3194
388
4183
228
8556
2458
7910
262
188
8556
1821
464
9197
266
1093
887
382
8556
1883
240
397
1883
129
313
569
322
228
382
8556
2262
178
411
1821
75
584
2873
373
5489
398
322
935
141
777
783
935
181
194
279
935
275
74
194
5556
382
238
1026
373
783
129
431
873
181
1268
361
8556
1495
262
3216
266
450
1019
1883
8556
275
140
893
266
4131
166
2358
3637
9474
1140
168
1276
9107
491
8556
2862
5902
229
873
1706
8556
1760
3091
1856
382
450
396
229
746
243
1075
2986
382
2508
382
140
168
464
265
563
265
3637
322
168
9814
1883
563
1276
2630
168
935
7081
743
3019
524
228
6678
8556
3288
8556
6812
2509
2488
262
140
824
1843
1883
140
1299
851
338
343
4654
168
1173
8556
228
266
313
530
382
691
8556
500
3637
1883
8556
623
1451
2458
382
783
626
351
634
1883
686
228
382
8556
634
9080
276
8556
228
629
452
1883
228
1417
3637
1417
1203
228
229
211
322
1720
168
8556
554
1003
1133
397
2459
228
262
8556
437
1883
316
5197
8556
609
4615
75
140
500
2457
649
1993
7345
382
8556
129
3558
382
1276
228
634
140
1091
2457
2457
382
478
1883
629
873
851
407
279
1883
494
163
2482
316
8556
629
9252
359
2350
140
168
322
189
5048
359
783
322
228
7269
1883
228
3637
3288
4375
1276
8556
2768
1883
2251
154
1821
7956
1913
382
276
1276
6896
313
873
8556
1321
343
384
6787
773
228
166
855
1276
168
181
524
382
8556
9330
1883
8060
6379
313
1003
322
2595
228
777
555
2563
372
8060
129
140
2482
8727
8556
3783
382
4911
8556
2244
3637
275
8721
4011
1999
450
262
686
2765
693
4375
3022
8556
1173
563
2063
2147
2111
8556
1585
2502
1356
1883
8556
452
2317
8556
2494
2916
228
228
240
189
5011
8556
2395
6890
1883
8556
3416
8556
472
382
8060
228
382
8060
2578
1821
8060
804
3637
7340
140
276
427
523
129
8556
154
211
8556
4202
8556
300
3574
932
228
2482
6988
1883
7972
3417
189
8556
313
189
8060
129
3019
1008
5180
8556
5347
140
189
262
188
228
262
8060
6875
382
228
140
407
6379
555
783
168
904
6379
235
189
382
638
188
1883
8060
693
6379
189
228
1821
188
228
74
8541
1883
168
8556
851
2251
129
8060
536
2500
6395
382
783
8060
1202
6379
228
513
382
228
8556
427
338
6379
189
4375
8556
427
2217
140
2251
707
75
412
8060
211
1043
140
6379
229
129
228
189
168
313
359
7000
189
873
73
1585
6552
73
6552
935
140
185
168
905
166
873
8556
873
275
5009
266
5734
228
178
873
8556
1923
1140
6379
3746
2624
129
228
343
1684
697
382
4260
626
8556
140
1140
4064
382
9129
228
935
166
228
262
8556
361
5057
382
8556
5227
228
163
779
166
855
1276
178
8060
313
8984
154
6379
1451
873
450
8556
427
450
8556
140
382
6552
182
228
382
129
1501
1883
140
262
275
8556
3059
3460
6772
9492
3637
8781
228
279
210
382
4240
173
8060
452
6379
1993
262
75
7872
8556
6463
1883
2482
189
1129
2918
707
194
782
413
5873
8556
2500
382
1374
322
2025
228
194
4538
1276
407
316
6199
1883
140
2317
8556
1760
2041
228
7686
9006
855
8556
4330
181
1912
166
1336
1276
275
1075
141
383
1821
978
178
8556
275
1276
3622
163
5009
140
7792
881
163
2482
1360
300
8060
140
4589
382
8136
8060
677
228
322
382
8048
8556
129
1883
322
1054
276
8556
129
2643
250
1815
382
8556
74
1367
166
178
313
265
6166
1003
555
601
714
975
3637
186
282
168
74
189
396
407
300
166
262
450
3216
1883
313
1093
382
7971
3637
8556
316
228
647
1276
531
129
2457
262
313
129
5756
1883
141
452
5557
601
2113
961
219
228
2563
524
266
1604
8556
427
1883
686
8564
313
4588
4270
129
8556
3637
309
1883
2444
228
6379
1883
9916
129
8060
3460
8556
228
313
382
600
8060
7646
382
8556
427
163
228
211
141
2779
240
6064
3637
804
8556
2216
3723
1883
1865
228
8060
3300
194
2457
382
8556
1883
75
5535
1821
228
3637
2457
194
186
588
313
274
6335
207
5009
74
5125
8124
8556
4232
168
4435
8556
2604
6379
5029
2457
1883
2977
262
7373
8556
1321
3637
7340
9814
8556
8247
5125
8556
129
8556
1995
1883
265
1436
173
1276
3832
228
3637
8556
2216
1883
140
2443
275
2990
262
8556
1105
275
8556
427
6199
194
1614
129
2507
1883
524
5471
129
407
168
276
7864
228
140
316
1883
309
343
3713
129
8556
228
639
129
407
1757
140
1203
359
3734
3637
3531
2986
1883
140
599
228
8556
3157
140
6379
250
6272
168
300
8556
873
1027
240
168
464
265
168
8556
163
9531
308
8556
240
189
6393
1451
228
1451
306
178
789
5814
129
8556
228
129
316
5131
140
1001
228
8556
2523
8556
2508
1276
228
382
351
686
4615
7343
500
211
1203
609
294
2370
2003
1883
140
129
275
8556
5347
531
1883
8556
8564
501
1883
483
189
1077
382
228
634
154
499
7515
228
1276
6543
6450
578
4114
2457
3637
8556
629
382
1993
140
129
8556
3216
8556
5601
189
382
2507
140
545
693
2852
219
8556
623
6101
228
129
275
1003
8556
5309
639
4375
228
487
407
4628
168
1203
3381
129
8556
1883
1417
382
2523
1001
163
388
219
194
1003
8060
1721
413
313
639
316
228
228
181
2918
129
140
74
1077
1883
75
240
163
382
8060
129
8556
5859
1220
5009
943
554
382
207
74
829
228
181
1316
361
238
228
141
2609
985
129
168
6120
129
8556
140
275
2704
228
140
275
4448
397
178
1203
8556
7657
1883
140
275
265
6940
873
140
7340
275
262
8060
166
262
450
262
8060
338
3637
855
8060
168
300
129
609
1288
228
1436
1053
978
8556
1276
1821
211
846
154
1091
178
2415
873
1821
74
638
1027
275
8556
3637
9866
243
772
322
228
140
275
1961
228
2918
3637
2458
243
154
2638
5079
1821
140
316
3237
3851
382
8060
383
663
228
211
183
2701
397
129
183
8673
300
8556
3983
3637
4488
228
8556
129
1276
6478
8556
9323
1883
8556
2620
359
783
178
1001
154
634
8556
129
3019
693
7646
163
382
8060
935
338
1288
228
5781
8556
3637
2216
240
219
5174
163
228
407
8556
8598
189
3637
1203
140
531
4448
9598
407
8556
4163
8556
1821
140
74
2100
238
140
8556
2523
1001
189
243
4448
407
168
129
309
154
74
3950
1451
1526
308
186
294
229
6379
1451
181
140
207
5009
4120
373
1066
2710
313
6379
228
207
6379
189
8556
7756
382
8060
74
194
3129
140
181
3809
6379
189
75
313
873
382
8556
659
6379
555
783
2582
166
8556
3016
382
3430
398
1883
8556
8020
243
382
935
9791
3637
194
500
243
1490
140
783
140
427
2986
243
935
1883
8556
1918
8175
1003
783
500
3637
1203
3262
243
275
74
194
228
181
6527
228
140
9110
3809
211
275
8556
5683
1883
141
6701
140
74
1077
181
1316
9282
154
721
383
1929
382
1883
851
397
228
8556
279
397
3637
186
9392
458
141
228
266
373
893
9238
3637
140
275
181
1883
8556
427
2523
6954
1037
228
1883
265
228
588
186
5108
783
2742
978
238
382
384
9492
2290
129
168
75
3022
639
382
8556
228
382
8556
181
4718
873
6379
1604
8556
2860
163
496
7269
693
243
163
772
129
1203
6376
5048
782
154
140
129
1129
5638
2528
6020
382
228
294
2200
8556
3197
382
3019
2458
308
563
6379
3319
262
782
6379
7722
166
407
168
6379
1684
313
873
8556
1090
228
228
1220
9696
1883
186
978
8556
623
194
413
129
228
8556
6728
313
228
1007
166
1821
343
228
8556
629
1993
382
8160
637
8556
1003
166
8556
1113
783
374
2811
382
168
316
313
173
8556
9908
129
243
1075
8556
783
873
74
194
946
8556
5437
2841
219
8556
3244
8538
228
4375
9140
8556
7467
5734
1276
228
140
219
8556
539
3032
8556
1298
2705
1706
228
4506
211
8556
129
8556
7446
2712
316
647
8060
9322
382
8556
588
166
5684
228
293
9018
2918
475
7965
6801
140
266
4448
873
316
1883
411
373
8556
629
262
6120
382
8556
228
1821
637
262
8175
382
8556
8552
6402
129
8556
1105
523
168
8556
2135
243
262
407
189
8556
4232
475
141
168
8556
452
1337
1883
228
2187
4375
188
3019
777
240
163
396
6379
4665
154
382
125
166
129
450
129
140
6379
359
9090
382
1276
647
478
935
8556
9921
183
5131
250
852
3637
125
168
935
154
276
877
250
183
8556
1334
373
772
2031
3331
8556
140
2350
168
313
129
75
1596
4067
8556
1417
129
322
4090
4321
3200
8556
228
2999
3637
211
8556
2782
1883
140
8556
129
322
228
1863
609
140
756
388
186
1883
5233
382
792
6379
383
166
946
8556
578
1883
140
313
1597
228
873
1436
9002
129
1883
8556
789
129
1203
1337
3183
3637
407
168
178
382
521
873
7507
4188
300
182
5894
228
262
8556
6093
8556
3637
472
1299
228
407
168
1974
8556
746
382
634
168
8556
7031
1883
8633
250
265
338
250
5393
9526
140
168
168
129
5933
228
140
168
808
129
168
154
383
1575
2765
1276
1721
265
3637
4482
4878
1883
556
634
678
396
2458
737
250
1883
8556
8556
663
8060
3216
8556
5933
2136
464
5581
8556
275
154
228
140
374
8556
140
757
262
178
168
8556
275
2018
398
396
154
1276
6064
2458
7340
308
228
1821
1276
2168
634
186
1883
250
382
2222
1185
308
250
265
275
3358
1034
5009
450
210
407
7676
1883
1417
129
500
228
1883
219
1821
1808
228
1821
9689
182
3333
262
1517
168
6103
1841
1403
1883
322
705
396
4664
166
873
178
873
322
5719
6189
228
228
686
851
723
266
1075
266
300
500
228
7182
240
7467
1480
1105
626
75
9323
5873
140
1525
1883
3444
1993
8556
1480
1883
8556
168
211
182
2798
764
1883
609
855
5535
3637
2630
1821
240
609
4800
1856
382
2691
129
228
1105
8556
629
4727
6413
322
73
472
1883
5133
3637
207
75
407
343
154
5933
129
178
1821
1821
3981
2187
691
642
754
450
777
1906
3019
4571
2918
494
554
949
382
6781
228
74
5180
2287
3637
141
382
2458
7872
6529
873
8556
3637
2667
893
265
3637
219
8556
228
3637
140
983
275
2397
8556
826
129
182
74
500
382
8556
609
773
228
262
141
1995
229
166
396
8556
1883
140
276
74
1007
8556
3637
407
2624
228
129
524
9817
8556
3803
487
140
74
1883
140
1131
309
168
6020
8556
262
6072
382
475
2610
4615
228
1276
275
8556
9326
2894
382
1821
129
8556
1883
686
9817
8556
140
129
8556
1105
7268
2703
7881
8556
5784
1883
2251
173
140
228
6246
2457
178
2454
8060
228
3684
2251
210
1250
2457
873
140
74
687
276
129
8556
6379
250
5452
8556
1883
262
2443
382
228
8556
228
8556
1866
343
1959
168
266
1292
228
634
1100
397
3637
1706
243
5009
228
5009
8556
1883
8538
243
382
1959
1872
8556
693
2992
8556
1003
544
676
8556
228
168
8556
1883
228
966
3637
707
75
3783
1091
382
313
166
8556
1821
262
8556
275
240
382
1872
8556
1962
75
3637
396
74
154
189
75
1883
7872
873
240
9134
382
2457
228
168
382
316
313
5029
228
2457
407
9082
140
429
713
140
764
189
845
140
1804
2457
129
1821
578
1974
141
2609
5873
1726
1185
8556
1720
1883
686
5532
382
6781
219
178
313
163
5046
686
2025
1883
589
1339
7120
3637
8556
4671
266
397
228
140
240
74
229
166
2457
382
6379
373
893
2810
2457
3329
129
141
2810
74
185
5315
228
373
536
141
140
1760
1720
7268
166
396
275
3415
129
9064
168
756
2130
599
140
1436
2638
1288
168
1968
129
168
3319
4802
129
140
228
8556
4202
140
397
1003
2710
7646
228
3350
382
3105
359
266
166
382
446
2457
210
873
129
634
300
6379
383
129
3052
279
1132
873
7166
873
8556
338
1883
845
140
697
1883
140
168
1100
1872
8556
601
228
2689
211
75
1545
1883
3637
3702
8556
825
382
754
211
228
2291
5693
1862
140
698
129
721
3216
154
875
163
228
154
163
1140
634
262
8556
140
173
8556
1883
8556
1962
496
382
1276
316
2705
262
1918
8556
396
1451
262
1276
228
855
8556
2054
1993
5902
129
1276
1821
2391
188
1883
3563
265
2610
5966
373
8556
2384
1883
990
129
276
6379
8060
141
73
1129
6425
773
382
168
5009
382
383
3059
8556
7843
413
1821
4605
8556
3216
74
2457
2828
294
978
141
5684
141
1334
228
173
1517
2779
6595
6841
873
129
3019
554
189
5314
407
75
74
522
140
494
229
978
8556
2442
1883
141
773
228
1883
141
6529
129
7182
382
2782
228
382
1334
7702
8556
1337
382
8060
3441
1027
74
4423
1821
6579
6379
396
166
1883
3249
178
855
4853
873
8060
758
2765
8556
5781
1883
276
8556
3764
1883
1760
9064
229
1821
3242
1276
140
4845
382
8556
4883
1883
265
522
8556
1931
8556
427
4023
74
8490
6379
140
590
407
1501
129
141
9866
294
275
986
2457
3717
129
8556
4202
693
3142
243
1320
243
429
181
590
141
824
186
262
3216
141
1299
181
2458
1967
382
313
873
407
7872
780
3637
181
1037
6801
238
1293
382
2457
262
188
313
163
427
1883
168
219
3998
9814
262
228
737
1037
166
1815
2457
313
74
243
414
382
9492
2458
74
308
1117
629
129
186
8556
1090
163
168
181
873
129
186
6053
639
1185
228
2610
129
140
8189
129
275
238
243
1075
181
397
140
8556
275
3405
2457
3637
4202
8022
1883
578
373
783
588
238
228
5615
228
9160
4240
238
210
9160
4240
8556
6472
141
1808
829
2049
74
2457
382
228
235
8490
1075
74
229
3129
